6 0.690625 0.803125 0.05 0.2375
6 0.86953125 0.596875 0.046875 0.16171875
6 0.871875 0.4875 0.05390625 0.084375
6 0.1296875 0.7359375 0.128125 0.52734375
1 0.134375 0.49453125 0.04453125 0.03515625
7 0.13515625 0.5421875 0.0890625 0.03359375
7 0.13359375 0.73984375 0.10234375 0.165625
7 0.68671875 0.759375 0.0328125 0.07265625
7 0.865625 0.5734375 0.0390625 0.06484375
7 0.87109375 0.475 0.04140625 0.04375
1 0.8640625 0.52734375 0.02578125 0.02421875
1 0.865625 0.45390625 0.0203125 0.01875
1 0.6890625 0.69375 0.025 0.021875