6 0.1984375 0.1578125 0.0703125 0.27109375
6 0.2671875 0.578125 0.13203125 0.41328125
6 0.44453125 0.79140625 0.0546875 0.38671875
6 0.55390625 0.80390625 0.1 0.3921875
6 0.68671875 0.678125 0.15703125 0.24453125
1 0.4421875 0.6140625 0.0421875 0.03828125
1 0.29140625 0.3984375 0.053125 0.0578125
1 0.21953125 0.03828125 0.03515625 0.03203125
7 0.27734375 0.5109375 0.09140625 0.15703125
7 0.55 0.74765625 0.0953125 0.1765625
7 0.7 0.63984375 0.10546875 0.1265625
1 0.62734375 0.58203125 0.034375 0.05
1 0.56015625 0.62734375 0.0203125 0.01953125