7 0.63046875 0.4421875 0.03671875 0.06796875
7 0.53984375 0.43046875 0.03984375 0.0359375
7 0.5796875 0.4515625 0.03203125 0.0703125
6 0.5765625 0.48203125 0.03828125 0.2046875
6 0.62734375 0.47265625 0.03984375 0.19765625
6 0.53515625 0.44375 0.05390625 0.07734375
1 0.57890625 0.38515625 0.021875 0.0171875
1 0.62109375 0.3796875 0.0265625 0.0203125
0 0.5625 0.571875 0.01796875 0.02265625
0 0.5890625 0.57578125 0.01640625 0.02578125
0 0.621875 0.55234375 0.02109375 0.0171875
0 0.63828125 0.56328125 0.0109375 0.0265625