6 0.17734375 0.3109375 0.3015625 0.33984375
6 0.4203125 0.29765625 0.2046875 0.5953125
5 0.42421875 0.15 0.19453125 0.296875
6 0.765625 0.31328125 0.2265625 0.6265625
6 0.93828125 0.3734375 0.1234375 0.74609375
1 0.18203125 0.19765625 0.08359375 0.08828125
1 0.93828125 0.08671875 0.1234375 0.16484375
7 0.77890625 0.15 0.14453125 0.296875
7 0.21171875 0.32109375 0.16328125 0.159375
0 0.20546875 0.47265625 0.04921875 0.046875
0 0.27734375 0.46875 0.04609375 0.04765625
0 0.4203125 0.55234375 0.0296875 0.0546875
0 0.47421875 0.565625 0.04140625 0.0625
0 0.68828125 0.6078125 0.04921875 0.071875
0 0.7859375 0.596875 0.059375 0.06171875
0 0.87578125 0.62890625 0.103125 0.065625
0 0.91484375 0.6859375 0.06796875 0.06953125