6 0.04609375 0.58984375 0.075 0.0828125
6 0.75234375 0.5046875 0.0453125 0.1625
6 0.71171875 0.57578125 0.0640625 0.078125
6 0.815625 0.52734375 0.059375 0.1796875
6 0.85703125 0.4984375 0.03203125 0.15625
6 0.88125 0.521875 0.03515625 0.17734375
6 0.96796875 0.48671875 0.03984375 0.090625
6 0.95625 0.571875 0.05703125 0.08671875
1 0.940625 0.5625 0.02265625 0.03125
1 0.9703125 0.45 0.0234375 0.02109375
1 0.89296875 0.44140625 0.0234375 0.025
1 0.8625 0.4328125 0.021875 0.02109375
1 0.8359375 0.45078125 0.0265625 0.02890625
1 0.7546875 0.434375 0.03046875 0.02421875
1 0.703125 0.54296875 0.021875 0.015625
1 0.03671875 0.5578125 0.01796875 0.0203125
7 0.05625 0.59453125 0.03984375 0.06328125
7 0.721875 0.5765625 0.0328125 0.0546875
7 0.74921875 0.47734375 0.03515625 0.06015625
7 0.8203125 0.49296875 0.02734375 0.06484375
5 0.85859375 0.46796875 0.0265625 0.0453125
7 0.8859375 0.5015625 0.02890625 0.06953125
7 0.96796875 0.496875 0.0375 0.05546875
7 0.96171875 0.54453125 0.0390625 0.03671875