6 0.09140625 0.46171875 0.18203125 0.27578125
6 0.08125 0.65234375 0.1625 0.1578125
6 0.54453125 0.478125 0.18984375 0.29765625
6 0.78203125 0.51328125 0.33515625 0.42421875
6 0.92421875 0.475 0.1515625 0.290625
7 0.08046875 0.42421875 0.1609375 0.1203125
5 0.540625 0.4359375 0.18671875 0.10390625
5 0.76875 0.4328125 0.32578125 0.18046875
5 0.93671875 0.41484375 0.11640625 0.1078125
1 0.55 0.34765625 0.07890625 0.02734375
1 0.09765625 0.340625 0.10234375 0.03671875
1 0.0828125 0.6109375 0.11875 0.0703125
1 0.75 0.325 0.13046875 0.04453125
1 0.8875 0.3421875 0.07890625 0.02890625
0 0.728125 0.70703125 0.1328125 0.0359375
0 0.8234375 0.68828125 0.071875 0.04140625
0 0.48828125 0.6015625 0.0859375 0.0203125
0 0.59375 0.60703125 0.0515625 0.02890625
0 0.90859375 0.60703125 0.0515625 0.02734375
0 0.875 0.5859375 0.03515625 0.0234375