6 0.678125 0.4765625 0.1890625 0.409375
6 0.78359375 0.41015625 0.078125 0.25078125
6 0.85390625 0.4125 0.10625 0.31484375
7 0.67734375 0.4078125 0.1734375 0.15234375
1 0.6328125 0.3 0.08671875 0.04609375
1 0.778125 0.3 0.04765625 0.03046875
1 0.8546875 0.265625 0.06875 0.02734375
2 0.090625 0.3859375 0.12109375 0.03984375
2 0.078125 0.34765625 0.04140625 0.0125
2 0.13515625 0.35625 0.07265625 0.01953125
2 0.19453125 0.35546875 0.03828125 0.01875
7 0.78359375 0.36328125 0.0796875 0.075
5 0.8671875 0.36015625 0.0734375 0.10234375
0 0.7296875 0.6625 0.0640625 0.0390625
0 0.62734375 0.6546875 0.05234375 0.0296875
0 0.8234375 0.5734375 0.07421875 0.01875
0 0.809375 0.55 0.02734375 0.0203125