6 0.61015625 0.43203125 0.17578125 0.103125
1 0.67578125 0.40703125 0.04453125 0.0375
1 0.31015625 0.2671875 0.05 0.04296875
1 0.42421875 0.27265625 0.02734375 0.01875
1 0.39609375 0.33203125 0.04453125 0.0390625
6 0.26875 0.35 0.13359375 0.21328125
6 0.3828125 0.3578125 0.0796875 0.1234375
6 0.39375 0.284375 0.07421875 0.03203125
7 0.59609375 0.40703125 0.12578125 0.0484375
7 0.25078125 0.29609375 0.084375 0.09609375
7 0.38046875 0.30859375 0.0671875 0.01875
7 0.38828125 0.28203125 0.05390625 0.0265625