1 0.18515625 0.3203125 0.04140625 0.02421875
5 0.1765625 0.3578125 0.06875 0.0390625
6 0.178125 0.35546875 0.0765625 0.09609375
1 0.21953125 0.23828125 0.0359375 0.0328125
7 0.2234375 0.27265625 0.05625 0.05859375
1 0.228125 0.1703125 0.0265625 0.01640625
7 0.2328125 0.21015625 0.0375 0.046875
7 0.275 0.3046875 0.02890625 0.0515625
6 0.23359375 0.296875 0.06484375 0.14921875
6 0.2265625 0.19921875 0.07265625 0.0796875
6 0.29296875 0.30078125 0.0625 0.07734375
1 0.29921875 0.27578125 0.03046875 0.0265625
1 0.871875 0.4015625 0.06328125 0.03125
7 0.896875 0.46484375 0.07734375 0.0890625
6 0.85546875 0.46015625 0.14921875 0.15234375
0 0.79765625 0.5234375 0.03671875 0.0203125