6 0.31015625 0.59140625 0.0859375 0.11796875
6 0.24609375 0.515625 0.09609375 0.13984375
6 0.340625 0.5 0.05390625 0.20859375
6 0.11015625 0.4890625 0.07421875 0.2921875
6 0.5296875 0.5453125 0.07421875 0.23046875
6 0.68984375 0.51953125 0.0640625 0.23359375
1 0.5328125 0.4546875 0.03046875 0.04296875
1 0.69140625 0.42265625 0.02578125 0.0328125
1 0.3421875 0.41875 0.034375 0.04609375
1 0.12890625 0.36796875 0.03046875 0.0390625
1 0.28203125 0.4859375 0.0265625 0.04609375
1 0.3078125 0.54140625 0.02421875 0.02421875
7 0.109375 0.44453125 0.0578125 0.1140625
7 0.2359375 0.48828125 0.065625 0.06796875
7 0.30390625 0.60625 0.0578125 0.0921875
7 0.34296875 0.48828125 0.04375 0.09140625
5 0.528125 0.5 0.0609375 0.1046875
5 0.69375 0.490625 0.053125 0.09609375