6 0.63828125 0.3546875 0.13125 0.34453125
6 0.259375 0.39609375 0.1484375 0.3203125
6 0.11640625 0.32265625 0.2328125 0.64453125
6 0.871875 0.3609375 0.05703125 0.0671875
6 0.91015625 0.3109375 0.05 0.04921875
1 0.66640625 0.2046875 0.071875 0.04609375
1 0.27890625 0.26796875 0.09296875 0.05703125
7 0.075 0.26875 0.15 0.07109375
7 0.27734375 0.4046875 0.12421875 0.16953125
7 0.6515625 0.29375 0.096875 0.11640625
6 0.496875 0.46875 0.1 0.14453125
5 0.49921875 0.45859375 0.09609375 0.078125
1 0.49375 0.40625 0.03515625 0.025
7 0.8828125 0.36484375 0.0390625 0.04140625
7 0.91171875 0.3171875 0.03515625 0.0328125
1 0.875 0.33671875 0.02734375 0.01328125
1 0.9109375 0.28828125 0.0203125 0.01015625