6 0.525 0.3890625 0.075 0.21640625
6 0.59140625 0.4171875 0.0609375 0.2828125
6 0.66796875 0.4296875 0.06875 0.3
6 0.0578125 0.35703125 0.05546875 0.18828125
6 0.81015625 0.3921875 0.03359375 0.084375
6 0.95859375 0.4046875 0.059375 0.16484375
6 0.8609375 0.39140625 0.02734375 0.09140625
1 0.6765625 0.296875 0.0375 0.0359375
1 0.5890625 0.2890625 0.03671875 0.03359375
1 0.553125 0.29453125 0.03125 0.028125
1 0.0546875 0.27265625 0.02421875 0.01796875
1 0.96328125 0.33359375 0.02578125 0.02109375
1 0.81328125 0.3546875 0.0109375 0.0140625
1 0.8671875 0.3546875 0.0078125 0.01015625
7 0.8625 0.37578125 0.01875 0.034375
7 0.809375 0.38046875 0.02421875 0.0390625
7 0.959375 0.396875 0.0484375 0.08359375
7 0.67109375 0.390625 0.06484375 0.12109375
7 0.59375 0.378125 0.05625 0.1171875
7 0.5125 0.35859375 0.06171875 0.1171875
7 0.0578125 0.325 0.04609375 0.078125